2.0999999999999997E-7 1.5383576204905378
2.45E-7 1.510272436589456
2.8E-7 1.4941636611187716
3.15E-7 1.4839008951422648
3.5E-7 1.476891413495998
3.8499999999999997E-7 1.4718556531995413
4.1999999999999995E-7 1.4680936900401065
4.5499999999999993E-7 1.4651930999599743
4.9E-7 1.4628966820387057
5.25E-7 1.4610366660573582
5.599999999999999E-7 1.4594995356592282
5.949999999999999E-7 1.4582061049260293
6.3E-7 1.4570996888768784
6.65E-7 1.4561387969802702
7.0E-7 1.4552924662622837
7.35E-7 1.45453719287602
7.699999999999999E-7 1.4538548630588606
8.049999999999999E-7 1.4532313266004242
8.399999999999999E-7 1.4526553936728075
8.75E-7 1.4521181167939423
9.099999999999999E-7 1.4516122686289965
9.45E-7 1.4511319566976737
9.8E-7 1.4506723353352597
1.015E-6 1.4502293877558508
1.05E-6 1.4497997593262841
1.085E-6 1.4493806287125588
1.12E-6 1.4489696073536897
1.155E-6 1.4485646603469264
1.1899999999999998E-6 1.4481640436751153
1.2249999999999997E-6 1.4477662540206953
1.26E-6 1.4473699883562041
1.2949999999999999E-6 1.446974111188911
1.33E-6 1.4465776278425762
1.3649999999999998E-6 1.4461796625342722
1.4E-6 1.4457794402848239
1.435E-6 1.4453762719132304
1.47E-6 1.4449695415265835
1.5049999999999998E-6 1.4445586960404744
1.5399999999999999E-6 1.4441432363602276
1.575E-6 1.4437227099273546
1.6099999999999998E-6 1.4432967043935492
1.645E-6 1.4428648422301078
1.6799999999999998E-6 1.4424267761167082
1.7149999999999999E-6 1.4419821849821588
1.75E-6 1.4415307705926665
1.7849999999999999E-6 1.4410722546016008
1.82E-6 1.4406063759896086
1.8549999999999998E-6 1.4401328888360165
1.89E-6 1.439651560372282
1.9249999999999998E-6 1.4391621692763015
1.96E-6 1.4386645041729973
1.995E-6 1.4381583623120469
2.03E-6 1.4376435483981267
2.0649999999999997E-6 1.4371198735527937
2.1E-6 1.4365871543902402
2.1350000000000003E-6 1.4360452121917664
2.17E-6 1.435493872166012
2.205E-6 1.4349329627838137
2.2399999999999997E-6 1.434362315178124
2.275E-6 1.4337817626007234
2.31E-6 1.4331911399285864
2.3449999999999996E-6 1.4325902832137039
2.3799999999999997E-6 1.4319790292709682
2.4149999999999997E-6 1.4313572152994267
2.4500000000000003E-6 1.4307246785327923
2.485E-6 1.4300812559156133
2.52E-6 1.4294267838019374
2.555E-6 1.4287610976736893
2.5899999999999998E-6 1.4280840318762884
2.625E-6 1.4273954193693414
2.66E-6 1.4266950914904597
2.6949999999999996E-6 1.4259828777304846
2.7299999999999997E-6 1.4252586055185756
2.765E-6 1.4245221000157793
2.8E-6 1.4237731839158354
2.835E-6 1.423011677252103
2.87E-6 1.4222373972095803
2.9049999999999997E-6 1.421450157941106
2.94E-6 1.4206497703868863
2.975E-6 1.419836042096581
3.0099999999999996E-6 1.419008777053232
3.0449999999999996E-6 1.4181677754983741
3.0799999999999997E-6 1.4173128337577083
3.115E-6 1.4164437440667712
3.15E-6 1.41556029439605
3.185E-6 1.4146622682750325
3.2199999999999997E-6 1.4137494446147074
3.2549999999999998E-6 1.4128215975280431
3.29E-6 1.4118784961479969
3.325E-6 1.410919904442614
3.3599999999999996E-6 1.4099455810267978
3.3949999999999997E-6 1.4089552789703252
3.43E-6 1.4079487456017001
3.465E-6 1.4069257223074338
3.5E-6 1.4058859443263447
3.535E-6 1.404829140538468
3.5699999999999997E-6 1.4037550332481645
3.605E-6 1.4026633379610098
3.64E-6 1.4015537631540418
3.6749999999999995E-6 1.4004260100389325
3.7099999999999996E-6 1.3992797723176442
